1 53 106 178 115 0.51
2 0 90 300 195 0.56
2 64 64 214 139 0.52
3 0 75 250 162 0.53
6 120 150 100 65 0.74
10 0 133 111 72 0.60
10 0 100 166 108 0.52
11 75 75 250 162 0.66
11 0 0 375 246 0.65
12 39 238 132 86 0.84
13 84 127 141 92 0.80
14 37 150 125 81 0.71
14 0 128 214 139 0.61
15 0 75 250 163 0.69
16 42 127 141 91 0.55
18 75 75 250 162 0.77
18 81 122 136 88 0.56
19 0 90 300 195 0.77
20 0 75 251 164 0.56
20 50 100 167 108 0.51
21 50 100 166 108 0.86
21 0 75 250 162 0.51
22 0 150 249 162 0.69
23 215 259 143 93 0.85
23 32 97 108 70 0.68
23 233 78 129 84 0.57
23 30 300 100 65 0.53
23 0 55 184 120 0.52
24 43 131 145 94 0.70
24 30 120 100 65 0.57
24 0 81 270 176 0.54
25 120 60 100 65 0.52
27 32 291 107 70 0.55
28 60 330 100 65 0.85
28 30 60 100 65 0.67
28 67 201 111 72 0.66
28 0 43 146 95 0.57
29 0 100 166 108 0.72
29 32 128 107 69 0.52
30 45 135 150 97 0.74
30 0 277 115 75 0.54
31 0 0 377 246 0.58
32 112 56 187 122 0.56
33 0 90 300 195 0.58
34 128 161 107 69 0.78
34 100 150 166 108 0.60
35 128 64 107 69 0.72
35 37 187 125 81 0.66
35 0 168 187 121 0.60
38 120 240 100 65 0.58
40 0 75 250 163 0.68
40 50 100 166 108 0.66
41 0 103 115 75 0.61
43 79 119 132 86 0.59
44 75 75 250 163 0.52
46 60 210 100 65 0.69
47 75 75 250 162 0.54
48 37 112 125 81 0.83
48 240 180 100 65 0.58
49 37 186 124 81 0.68
50 37 75 125 81 0.89
50 0 56 187 122 0.54
51 37 224 124 81 0.79
51 66 66 110 72 0.55
52 0 138 115 75 0.54
53 0 75 250 163 0.57
54 65 164 109 71 0.69
55 39 157 131 85 0.54
57 0 90 150 97 0.60
57 0 64 214 139 0.59
58 30 30 100 65 0.51
59 30 180 100 65 0.92
60 66 167 111 72 0.77
62 50 100 166 108 0.57
63 0 192 214 139 0.74
63 250 200 166 108 0.66
63 286 40 136 88 0.61
63 45 225 150 97 0.54
63 0 50 166 108 0.53
64 96 160 107 69 0.73
66 0 75 250 162 0.52
67 0 0 300 195 0.76
67 60 60 200 130 0.69
70 198 165 110 71 0.69
70 33 232 110 71 0.58
71 225 32 107 69 0.52
73 45 135 150 97 0.75
75 0 192 214 139 0.79
75 45 225 150 97 0.60
76 40 122 136 88 0.70
78 0 112 187 122 0.74
80 72 218 242 158 0.67
81 90 90 300 195 0.55
81 245 163 136 88 0.54
83 300 300 100 65 0.59
84 0 108 119 78 0.61
84 35 252 119 78 0.57
85 0 0 372 243 0.69
85 72 72 241 157 0.69
86 0 72 241 157 0.61
87 0 56 187 122 0.60
88 0 231 256 167 0.56
90 75 75 250 163 0.79
91 40 123 136 88 0.53
92 81 123 136 88 0.64
92 90 150 100 65 0.60
93 40 123 136 88 0.99
95 0 100 166 108 0.67
95 0 75 250 163 0.54
95 69 103 115 75 0.51
96 200 150 166 108 0.54
97 0 90 301 196 0.77
98 32 128 107 69 0.84
99 37 75 125 81 0.61
100 194 242 161 105 0.69
100 233 39 129 84 0.65
100 35 177 118 76 0.61
100 0 166 184 120 0.60
100 35 318 118 76 0.59
100 0 0 184 120 0.51
100 210 270 100 65 0.51
101 0 0 375 245 0.58
102 0 150 125 81 0.66
103 0 150 166 108 0.56
103 34 173 115 75 0.53
105 0 90 300 196 0.66
106 34 104 115 75 0.52
107 150 60 100 65 0.61
107 135 45 150 97 0.58
107 0 0 375 246 0.52
108 35 105 117 76 0.58
109 103 104 115 75 0.52
110 0 64 214 139 0.66
111 56 56 188 122 0.52
112 0 54 182 118 0.60
112 32 66 109 71 0.56
113 0 100 166 108 0.79
113 32 128 107 69 0.51
114 34 207 115 75 0.57
116 30 30 100 65 0.69
116 69 207 115 75 0.58
118 0 100 166 108 0.67
120 36 181 121 78 0.86
121 0 112 187 122 0.62
121 90 150 100 65 0.51
123 100 200 166 108 0.78
124 0 112 187 122 0.53
126 75 75 250 162 0.73
126 0 0 375 245 0.60
127 66 200 110 72 0.77
127 90 360 100 65 0.64
127 85 341 142 92 0.59
129 0 281 155 101 0.78
129 0 46 155 101 0.63
130 0 249 207 135 0.57
132 30 90 100 65 0.73
132 0 180 150 97 0.71
133 69 244 116 75 0.82
133 32 129 107 69 0.68
140 0 133 148 96 0.72
142 0 75 250 162 0.68
143 0 0 375 245 0.66
144 0 90 150 97 0.85
147 0 75 250 162 0.59
148 56 168 187 122 0.68
149 0 267 148 96 0.65
150 30 120 100 65 0.66
150 0 103 115 75 0.51
151 75 75 250 162 0.56
151 90 120 100 65 0.54
152 35 105 117 76 0.86
152 0 107 178 116 0.65
153 112 168 187 121 0.68
155 0 90 150 97 0.55
156 32 291 107 70 0.68
156 60 90 100 65 0.51
157 128 64 214 139 0.67
158 0 90 300 196 0.96
159 0 75 250 163 0.72
160 0 0 375 243 0.51
161 55 166 185 120 0.56
162 0 154 256 167 0.56
163 0 207 172 112 0.72
164 0 150 167 108 0.60
168 0 199 165 107 0.85
169 0 445 114 74 0.57
172 68 69 229 149 0.60
174 0 0 375 245 0.69
175 305 43 145 94 0.60
176 75 75 250 163 0.73
176 100 100 166 108 0.73
177 30 330 100 65 0.70
177 60 60 100 65 0.66
177 42 42 143 93 0.61
178 0 133 220 144 0.55
179 120 90 100 65 0.61
179 75 75 250 163 0.56
179 75 150 125 81 0.53
181 30 210 100 65 0.70
182 0 0 375 244 0.60
183 30 90 100 65 0.70
186 34 208 115 75 0.54
187 112 56 187 121 0.56
187 150 75 125 81 0.55
188 0 168 187 122 0.59
188 34 173 115 75 0.51
190 47 94 157 102 0.85
191 34 69 115 75 0.76
191 0 50 166 108 0.53
193 49 300 166 108 0.61
193 49 50 166 108 0.52
194 30 180 100 65 0.61
196 60 150 100 65 0.62
198 50 200 166 108 0.72
198 0 150 250 162 0.68
198 122 205 136 88 0.60
200 60 60 100 65 0.54
201 0 95 157 103 0.65
201 32 97 107 70 0.61
202 168 112 187 122 0.78
205 37 150 125 81 0.54
206 0 90 300 196 0.86
206 187 150 125 81 0.51
207 32 231 109 71 0.73
207 82 82 137 89 0.61
209 0 75 250 163 0.79
211 40 281 133 87 0.53
212 32 161 107 69 0.65
213 34 138 115 75 0.91
215 64 128 107 69 0.56
215 0 90 300 196 0.55
215 128 96 107 69 0.51
216 50 150 166 108 0.56
217 45 135 150 97 0.70
218 35 70 117 76 0.59
219 30 210 100 65 0.51
220 40 122 136 88 0.60
221 50 100 166 108 0.78
221 0 75 250 163 0.71
223 0 104 115 75 0.54
224 0 0 377 246 0.69
225 0 90 300 195 0.71
225 56 112 187 122 0.51
226 0 0 375 243 0.73
227 0 90 300 195 0.65
228 69 138 115 75 0.77
229 0 0 375 244 0.60
230 128 64 107 69 0.55
232 0 128 214 139 0.89
233 64 64 214 139 0.55
233 50 100 166 108 0.51
234 56 112 187 122 0.80
234 0 90 300 195 0.69
236 64 64 214 140 0.73
237 30 150 100 65 0.70
238 75 75 250 163 0.53
238 100 100 166 108 0.53
239 0 278 132 86 0.90
241 204 122 136 88 0.76
242 0 100 166 108 0.69
243 30 60 100 65 0.64
245 160 360 133 86 0.51
247 0 56 187 121 0.67
248 0 39 131 85 0.55
249 98 330 109 71 0.68
249 41 41 137 89 0.53
250 0 82 136 88 0.57
250 32 297 109 71 0.52
252 173 138 115 75 0.74
252 168 112 187 122 0.63
252 90 90 300 196 0.61
253 0 192 320 208 0.78
254 81 163 136 88 0.57
254 64 128 214 139 0.56
255 0 115 128 83 0.79
256 0 90 300 195 0.64
256 56 112 187 122 0.52
257 42 127 141 92 0.88
257 0 123 205 133 0.70
258 0 90 100 65 0.92
260 90 90 300 196 0.59
261 40 163 136 88 0.61
263 0 90 300 195 0.52
264 60 60 100 65 0.69
264 0 236 157 102 0.66
265 66 133 111 72 0.56
266 0 75 250 164 0.73
266 50 100 166 108 0.72
267 64 64 214 139 0.81
267 90 90 150 97 0.53
267 0 0 375 245 0.52
268 75 75 250 163 0.51
269 0 100 166 108 0.56
269 0 75 250 163 0.54
270 58 58 195 127 0.80
271 40 122 136 88 0.56
272 34 138 115 75 0.75
272 0 112 187 122 0.68
274 64 129 107 70 0.65
275 30 330 100 65 0.78
275 0 90 100 65 0.76
276 0 127 141 91 0.77
277 60 300 100 65 0.76
278 75 75 250 162 0.66
279 150 150 100 65 0.77
280 34 207 115 75 0.67
282 0 100 166 108 0.60
283 0 128 214 139 0.56
284 64 64 214 139 0.61
285 0 166 185 120 0.58
286 81 81 135 88 0.79
286 53 213 177 115 0.66
286 65 263 109 71 0.51
288 0 90 100 65 0.69
289 90 30 100 65 0.65
289 36 366 122 79 0.59
289 65 165 109 71 0.57
291 0 66 110 71 0.79
291 30 300 100 65 0.76
292 0 139 154 100 0.77
292 30 150 100 65 0.72
294 56 112 187 122 0.51
295 45 225 150 97 0.68
295 225 225 187 122 0.66
295 40 40 136 88 0.64
295 0 193 214 139 0.62
297 32 160 107 69 0.70
298 51 260 173 112 0.67
298 0 220 244 159 0.62
298 90 45 151 98 0.62
299 0 75 250 163 0.77
300 56 113 187 122 0.70
300 0 90 300 196 0.66
301 75 150 250 162 0.82
301 0 112 375 244 0.71
304 55 55 183 119 0.56
305 30 120 100 65 0.56
308 30 180 100 65 0.78
309 0 0 375 244 0.51
310 159 191 106 69 0.57
310 169 170 141 92 0.56
312 0 261 124 80 0.68
313 0 168 186 121 0.57
314 34 69 115 75 0.55
315 0 90 300 195 0.72
316 50 100 166 108 0.72
317 0 128 107 69 0.60
319 0 135 150 97 0.62
320 0 0 377 246 0.68
320 64 64 214 139 0.51
321 0 113 187 122 0.71
322 0 0 375 246 0.57
323 50 50 166 108 0.57
325 60 120 100 65 0.60
326 75 75 250 162 0.61
326 330 0 100 65 0.56
326 100 100 166 108 0.51
328 0 270 128 83 0.59
329 32 160 107 69 0.65
329 0 150 166 108 0.59
330 32 160 107 69 0.76
330 0 150 166 108 0.57
331 0 37 124 81 0.92
331 42 340 141 92 0.69
331 30 210 100 65 0.55
332 0 75 250 163 0.56
333 127 85 141 92 0.82
334 37 187 124 81 0.66
334 74 337 124 81 0.65
335 112 112 187 122 0.56
335 138 138 115 75 0.55
337 32 128 107 69 0.90
338 49 150 166 108 0.66
339 54 54 181 117 0.76
339 98 297 109 71 0.62
341 0 112 125 81 0.77
344 37 188 125 81 0.54
345 207 138 115 75 0.65
346 40 161 133 87 0.65
348 112 112 187 121 0.54
349 81 82 136 88 0.54
350 0 75 250 163 0.94
350 50 100 166 108 0.52
351 0 66 110 71 0.80
351 0 292 138 90 0.60
352 32 164 109 71 0.63
354 90 90 300 195 0.69
355 56 113 187 122 0.72
357 112 187 125 81 0.57
359 87 88 292 191 0.73
361 56 56 187 121 0.73
362 0 100 166 108 0.56
363 50 150 166 108 0.85
364 0 0 377 247 0.52
366 0 113 187 122 0.58
367 64 64 214 139 0.70
368 121 40 135 88 0.71
369 64 128 214 139 0.65
369 0 112 375 244 0.52
370 56 56 187 122 0.59
372 53 107 178 116 0.66
373 64 129 214 139 0.79
373 90 135 150 97 0.56
374 0 81 136 88 0.59
375 0 56 187 121 0.59
376 69 138 115 75 0.60
376 0 128 214 139 0.56
377 90 90 300 196 0.52
379 0 72 241 157 0.63
382 58 174 193 126 0.89
383 45 90 150 97 0.59
384 0 90 300 196 0.66
385 0 90 300 195 0.69
385 0 60 100 65 0.53
387 45 135 150 97 0.55
388 0 333 123 80 0.67
388 0 97 161 105 0.53
389 0 0 197 128 0.56
389 240 120 100 65 0.52
390 56 56 187 122 0.71
392 0 108 120 78 0.54
393 32 128 107 69 0.51
395 32 163 108 70 0.59
395 0 153 170 110 0.57
397 60 210 100 65 0.59
399 0 63 209 136 0.75
400 0 162 135 88 0.90
401 112 112 125 81 0.61
402 0 0 375 244 0.66
403 61 61 205 134 0.76
407 34 208 115 75 0.67
407 0 200 166 108 0.54
408 75 75 250 163 0.77
410 92 231 154 100 0.51
412 30 180 100 65 0.80
412 0 69 115 75 0.68
412 112 0 187 122 0.56
416 100 151 168 109 0.58
416 100 167 111 72 0.55
417 30 90 100 65 0.65
417 30 330 100 65 0.61
418 30 120 100 65 0.59
418 0 96 160 104 0.53
419 32 262 109 70 0.73
420 187 112 125 81 0.90
421 82 288 137 89 0.54
422 225 225 187 121 0.82
422 0 50 166 108 0.65
422 40 40 136 88 0.54
422 0 192 214 139 0.52
424 0 203 135 88 0.80
426 66 133 111 72 0.53
427 32 96 107 69 0.55
428 0 99 110 71 0.58
429 0 301 143 93 0.54
434 81 122 136 88 0.57
435 30 90 100 65 0.72
435 30 270 100 65 0.53
436 64 64 214 139 0.69
437 0 50 168 109 0.59
438 37 187 125 81 0.81
439 0 122 136 88 0.66
440 36 255 121 79 0.78
440 81 81 135 88 0.76
441 34 34 114 74 0.77
441 40 323 134 87 0.69
441 30 180 100 65 0.56
442 0 75 250 162 0.57
444 0 113 187 122 0.67
445 0 0 377 246 0.65
445 75 75 250 163 0.55
447 56 113 187 122 0.71
447 0 90 300 196 0.60
448 32 96 107 69 0.72
448 0 187 125 81 0.61
449 40 81 136 88 0.68
453 0 112 125 81 0.88
455 0 68 228 149 0.59
457 0 123 136 88 0.61
460 66 167 111 72 0.67
461 60 90 100 65 0.65
461 132 132 110 71 0.59
461 0 83 279 181 0.57
461 60 180 100 65 0.53
464 60 90 100 65 0.61
465 0 90 301 196 0.81
467 225 161 107 69 0.57
469 32 128 107 69 0.54
470 75 150 125 81 0.64
471 0 135 150 97 0.56
472 0 81 136 88 0.58
473 0 164 136 88 0.62
474 45 135 150 97 0.68
474 0 128 214 139 0.58
475 56 170 188 122 0.68
476 65 264 109 71 0.60
478 30 90 100 65 0.71
478 30 270 100 65 0.68
480 33 66 110 72 0.73
480 90 210 100 65 0.71
480 0 48 162 105 0.51
481 37 150 125 81 0.72
481 0 128 214 139 0.64
482 37 112 125 81 0.65
483 0 270 224 146 0.56
487 286 164 136 88 0.58
487 330 180 100 65 0.52
489 160 192 107 69 0.62
490 135 225 150 97 0.52
491 135 90 150 97 0.73
491 150 120 100 65 0.65
492 64 96 107 69 0.53
493 45 90 150 97 0.68
495 0 90 300 195 0.86
495 90 180 100 65 0.55
496 90 90 300 196 0.52
497 0 112 187 122 0.62
497 240 210 100 65 0.53
498 0 183 152 99 0.53
499 42 84 141 91 0.61
500 103 103 115 75 0.69
