11910
81866
66751
22415
46719
34326
15306
9437
81871
7
46688
56496
40312
49000
28267
11951
43376
1202
40554
54342
11975
46398
1175
8959
43262
49301
34849
81717
33653
910
41595
40286
39391
23052
24450
11032
40152
49241
18365
47243
49299
10847
56359
30906
52456
16134
20550
52459
43355
22105
53792
21549
39
5587
40709
6944
13462
40431
79815
65386
38665
28588
21632
67762
70459
12212
81731
11059
31960
33416
10863
35046
12471
35108
51370
12225
64654
11209
3979
6065
40873
24661
29403
33245
10843
49239
10600
49181
71220
34730
80123
34417
59832
56500
48117
22783
11753
66742
25684
53877
5831
19569
21637
45099
319
37815
56492
15339
64966
51813
54349
46223
58697
32758
7825
49297
31481
68149
31
6804
74823
18015
21152
43904
73673
43599
5350
76276
68189
81064
24959
81415
1938
79476
25905
68258
19241
38281
34431
41547
40508
79828
30869
2402
63642
11777
21516
74786
2161
19045
36010
52639
74783
66524
17305
43601
19864
27990
9913
41588
43261
19243
16677
58265
37869
49027
14490
56209
65233
19071
43835
56277
81685
34990
69719
80869
56829
79774
28521
29395
31202
25879
31620
34172
44047
40018
25430
37521
62828
48744
4243
34549
35011
79131
34340
40443
51622
40434
65477
26382
79443
40958
3315
2344
327
68181
29493
40007
70633
28005
46211
57922
39279
51085
25081
44922
68785
15896
28252
19470
67971
57569
63314
3635
9232
34343
644
58854
4586
69524
10916
11261
71332
45276
49703
37999
38260
58144
51967
40978
32324
42363
74929
33280
63091
35562
25898
49056
3327
7878
46256
7323
46690
68623
60798
38011
38043
41124
54554
66512
77032
74212
16915
34163
28953
46415
28510
38940
43666
4300
40295
51420
320
26111
63644
68257
6466
40297
57266
15601
18939
41414
34611
46841
80192
28527
9233
58968
51960
68595
26579
27255
79823
46561
31647
61492
59816
80444
41322
81608
46894
15301
64612
69048
38647
41374
50143
66188
7514
80423
34495
15651
29136
74082
34599
11195
25667
67997
1945
43781
14059
54567
5096
40953
6270
31204
2922
75735
25069
31621
25072
77056
44054
26563
12499
58536
51785
15322
70368
79749
22719
40147
28091
74969
11338
18109
77930
56564
1183
54333
65583
40662
12071
39665
51324
33474
69099
8191
28271
13643
61903
73713
51686
60802
12729
48833
28949
31650
23680
21796
7529
45427
49352
2163
25897
10395
805
18148
57679
81617
13927
66444
23288
24957
63382
12307
80953
65607
79508
43844
36315
37398
51821
63066
12470
7483
31798
33636
11525
31369
938
29423
31217
46099
9549
46687
29742
10651
53233
34948
74283
8048
35570
9215
37533
61369
45318
81814
2608
68297
52661
37501
61673
68896
48634
76040
33734
48099
59706
63654
17341
31047
18368
16445
11431
38275
29643
30897
48922
11128
9227
63114
4628
79369
8704
15117
3560
63356
16859
5212
37050
43374
56530
44450
28966
40447
37757
24340
51851
46843
12247
66268
32579
79836
68889
70355
46562
31625
20145
27331
56389
65380
48879
46119
8958
27253
3064
67565
69676
68183
5088
72000
39840
39475
31485
4667
54114
1580
28142
28564
67973
19226
54148
41660
68052
67375
39672
27075
37513
8044
33491
49271
56973
37752
81631
10852
75613
11640
43385
68215
42184
1186
81433
19250
11927
50051
6205
9222
29151
37756
42690
26564
43260
22986
3551
81736
53678
8951
26609
28279
54995
14931
64067
54195
32028
33274
81116
17334
909
7730
5355
43926
51232
24444
5378
56211
374
97
41279
63224
52728
73357
9235
33490
32113
40920
49010
32372
34603
44015
73263
34761
359
5603
47879
14181
33661
637
73430
59823
11996
35190
58598
38679
72133
12038
81530
39670
64975
34232
74775
66446
41328
62800
10123
69004
2830
4258
4306
24694
5086
27863
19757
77270
58396
35388
67862
81637
49308
11596
20863
71463
13417
22220
62951
46837
51392
9666
14478
39481
48729
62306
81318
67011
2333
8963
4024
74928
11044
45733
58319
62997
61559
54322
28530
22232
56326
37074
68429
69087
81816
7221
77378
23890
64579
54350
695
25850
27044
60355
29074
52474
80496
69857
56099
79337
31604
135
53716
50816
47571
34858
71266
23484
16771
42140
66683
348
42625
44150
12506
55301
312
42243
28608
10990
55167
50790
10463
17387
34036
22735
8981
2539
31552
59191
2476
19021
18069
39834
13286
15331
72944
25354
38955
51656
12723
16661
71513
7219
81599
25871
78109
31056
1687
33838
67863
58205
43936
57417
47722
72228
34692
10152
26370
4802
67336
52345
2558
48367
54186
24202
5824
63913
20005
54199
18799
32877
32595
39227
40683
25676
66782
36934
5194
80607
79944
7684
66239
81118
59475
34472
54169
58413
1646
6246
81434
33924
12099
36737
28678
43265
49538
9972
61540
33487
81622
16379
78238
50015
43278
74977
29841
51302
3433
66397
17296
23677
4454
32144
2741
62123
51650
81024
33769
58546
26127
23267
8841
24706
44214
67129
21361
67239
15304
30588
4151
23445
17976
19487
77527
16385
11161
81451
37866
56328
79091
77944
56482
60811
30208
7620
28981
15528
66390
80527
23572
54181
32454
11663
33928
4491
77503
43764
17569
9221
12203
29198
51201
27627
14915
57817
14375
15195
54361
78303
56821
18649
19112
35679
903
64525
17824
79046
17517
7455
18416
78350
67121
26795
34336
46849
70162
27957
57815
19466
32651
30334
28518
19949
10946
46252
18470
6092
50580
43921
54881
26176
66135
51764
30710
72434
49132
48973
40577
87
56548
23678
63739
40800
26578
36891
14509
40148
8463
43968
44101
38506
60513
30557
51980
54738
64673
29106
16450
35384
23822
36101
54538
34848
31221
37641
33819
31373
9208
18428
38922
21115
66469
18132
27006
2294
5082
42617
6114
17141
57897
17862
25058
5839
42361
46
47208
18116
7838
40790
29363
41
47941
10808
30169
79930
65241
56423
80895
19591
35815
11616
68687
44763
72561
28573
4808
40008
15232
47431
48966
38253
65352
25912
37132
16491
67004
49292
10867
8524
63925
67998
3436
50908
47412
25504
36109
7222
59962
59443
71553
54231
11902
21819
6045
901
3328
79193
59316
35260
38909
37522
27522
56946
40596
16398
18956
56593
46107
77233
32652
81784
66175
34192
59542
7781
6475
21325
2534
81320
63229
66996
59833
37629
79242
68182
58168
35618
8
49990
78364
81590
37956
15803
10079
38049
4426
25815
34427
26060
40874
12456
30892
58948
4442
24952
20979
64765
81625
56746
69398
67622
9907
44821
54309
47246
7527
15931
24269
4820
5856
9313
35228
3386
10628
10766
6073
14439
51405
79820
45107
32831
35244
29483
11033
4645
58972
14562
69077
16705
4831
33252
3861
38286
66442
28770
30348
4550
10466
840
61655
50402
30338
38061
36731
54100
80997
15501
8236
67347
63172
14636
57932
35427
9663
31365
75115
46686
46234
33151
63680
47028
79697
12461
52660
64292
35289
33266
49805
17747
18607
53217
37963
27835
44914
20285
5671
9079
4914
32810
479
47378
980
22380
22859
63936
54725
13645
21176
13640
43931
36142
29362
38489
35204
25814
13642
60757
48622
59028
79160
81624
68153
39679
77656
80637
81639
26789
64983
35704
2952
2177
77001
18915
11647
81594
32036
69538
23225
33493
7617
11524
51572
63265
31624
74056
40407
13519
41308
77427
25567
41862
9928
31468
7691
31873
1704
65595
22652
53766
27117
43728
49083
41769
80950
31036
36598
16534
15987
47800
5076
69635
34356
51264
50947
11544
34720
20040
14114
67233
48430
46497
47277
81277
80095
73053
71833
14195
11148
9298
37644
45110
42406
13779
2351
68941
70651
70555
12720
511
68147
76907
72433
4880
81168
63345
27337
66596
4895
55305
74095
5356
3922
31029
73598
58779
898
47839
6943
17117
21168
39658
27229
72390
11609
28413
197
30336
11031
13636
14909
62038
34233
22957
49547
36138
56999
10351
11890
55530
3907
80366
61102
61101
15315
64233
24323
18008
1454
62927
23949
45222
81362
31547
3432
35511
47539
1176
47857
32685
69107
22290
17166
62112
20883
63308
61822
49277
17316
57352
41301
19378
32163
16160
32892
2538
17280
34598
62803
48735
63839
10765
4558
21699
32350
25194
22694
3646
31776
8428
49675
25737
30332
43748
8519
35703
54094
41550
3892
75263
41351
30177
71128
5688
18181
10206
16978
3566
8100
3269
68609
59336
80760
48667
26581
57171
36343
75067
69461
81299
9252
28946
62098
26831
29201
17692
37955
36718
6134
24244
77538
45130
12881
80894
48657
38085
73047
43653
81374
29963
34028
28996
60782
17385
78121
76014
205
62985
17149
58803
15513
81144
59838
75109
3994
50937
32734
23698
52500
75554
26957
12986
23431
37637
19289
68222
71376
75620
57271
58872
43444
14495
50642
81053
3535
23430
43963
60242
46824
12821
62003
66998
43372
40151
1843
47667
33857
11958
61816
61501
61267
36211
35106
3209
24623
9908
50122
66289
6648
81333
40961
12023
70661
34490
63489
57763
76141
54187
80573
31782
2416
61357
53487
30515
19219
55428
57549
63166
62900
55853
76398
75957
38885
49357
58047
37747
35336
46395
31495
10205
55013
81844
49815
57437
46157
37167
37581
48642
42004
61491
30673
81894
66246
31028
14349
74872
11747
56480
40435
78651
40287
60280
78760
33237
9376
33019
75512
80934
42530
47782
11852
38422
28323
33020
49497
59854
74777
81793
38420
631
65239
60909
2194
9532
60357
50960
31457
9443
49095
30917
58716
36147
66872
81230
9748
46816
5816
52975
77349
9699
11270
67633
4851
81896
30384
70936
60182
296
14369
10587
75059
10616
30243
55935
43949
81541
643
39507
44136
16388
33529
21517
29419
14694
50808
36048
15899
81602
16631
6807
19827
21824
78822
37323
53893
70310
51160
6948
3796
4227
75317
79108
57137
1895
55662
40685
34866
6064
16133
25822
11336
47401
24274
66364
39503
57619
45242
23322
2160
12702
7231
81348
19665
31198
34204
78361
69342
67277
46786
62901
80854
57711
37768
3164
6251
34190
40006
80562
45572
14681
7728
26586
53683
8142
77482
9120
68127
71292
47989
19955
5141
69094
4057
80556
50185
39825
35915
11258
9901
23453
69137
21527
21509
81421
9112
62812
70968
71140
22296
9225
10082
39417
78691
36690
55316
37102
12208
49516
56670
57689
56014
75000
14857
60911
69662
81537
69893
81645
17342
62760
3824
35742
55653
21352
22088
43532
38633
27433
73034
4803
72636
21985
66428
12970
8956
4285
13421
7096
53155
3655
21546
18905
79969
18749
21930
37974
65716
69742
72109
72562
2348
6598
14680
41708
4221
26414
68283
75334
72870
80569
77185
75292
80901
26362
77843
14373
13352
77151
54882
27024
41404
7816
61048
79793
38086
44754
39362
49890
45286
45096
11340
39798
63958
54038
1097
2145
48994
43767
75770
65242
69917
65800
42283
71106
45608
33726
44137
7125
14783
33263
76319
30205
81864
45296
5854
58903
54005
15948
16599
19746
69824
20428
34057
58610
6629
45426
8512
11917
21240
47599
37488
36412
21298
48682
4530
1941
14573
40640
28784
7808
80381
6916
72586
629
24814
68681
20021
74231
59958
9719
7457
21237
33350
81836
39831
57342
62287
47928
12961
25840
55412
46906
17324
3347
23079
56398
19954
20808
66609
42034
16386
77685
81405
80980
64740
71524
81429
78194
31923
37273
13004
73535
79896
80899
21401
49212
63787
40360
81661
48149
68562
59967
3572
52236
39282
45928
10279
74430
63193
8710
65608
15678
77533
22849
7726
17971
68340
33026
80007
49436
29421
10193
39516
19606
14190
48249
74236
23867
49416
60652
19000
11926
44316
54072
43932
61122
5852
46552
51900
80900
15583
31210
60190
51724
33849
37753
10139
81628
46676
59808
69512
17323
3923
20636
53242
36301
36533
80942
12952
61993
9675
46239
54335
33978
54212
64832
46555
40681
3906
55432
19209
62398
37867
32385
71839
69825
29372
3916
54234
50857
72965
3834
64536
29743
41781
81298
54600
22683
27713
49449
6113
54675
81849
75572
4915
41892
78696
56755
23076
2340
242
66830
59580
33397
70738
18898
18907
12213
77282
42346
38151
19443
14010
62665
61539
69358
30724
14166
73227
25597
52837
75643
31936
12863
12715
7910
9936
53674
33271
8126
61644
24949
81331
13422
41540
75476
72452
35762
5419
3507
23657
12722
15329
13505
81638
58573
81482
57602
5823
20199
8139
81254
4235
55719
49473
67112
62591
720
11563
36117
67306
8601
8153
57834
9113
76001
7799
51366
5561
43031
57011
80898
40567
304
11471
34196
67300
1135
8743
626
47025
40231
80088
22264
65488
13295
75729
1991
81346
18796
36975
76678
7807
55524
53302
61650
10571
76164
37465
79736
30796
36306
18947
48852
11604
37802
26633
59197
46080
11826
53635
51522
5215
78325
3964
47029
35434
80270
56206
75363
23969
41334
49457
52793
81791
15618
53325
53374
6912
49854
76216
75527
74247
43219
71995
66930
54196
66277
12419
32548
29617
2543
69278
65474
62207
8721
29621
26078
77914
66399
12329
26463
3915
2736
18928
80021
4459
78214
60928
30052
26329
29654
41780
6636
628
11147
26095
30199
58825
39277
14759
60994
52619
14879
6
26840
47448
18729
64822
70739
10277
7832
79529
62246
1691
33675
7797
19944
18923
50294
20970
54053
50935
39542
38640
19118
77908
71238
37261
14355
30510
44599
49699
55375
4477
30717
45519
3971
27843
22655
68805
1107
64810
30503
20438
19978
31123
72551
50407
49439
70876
8849
39380
33827
73105
54628
58141
12750
56136
81171
2394
7764
67529
29793
11982
74268
80367
17849
54
66133
16216
30143
34087
29646
52478
15321
58065
24904
71423
66511
15930
77541
54991
44653
34615
62499
1218
4871
80546
7240
77415
10879
41928
73508
65629
27653
2143
71646
6487
48254
40599
8434
37216
24077
66750
19745
31370
80249
57121
21407
28909
14659
77446
8967
22725
29536
58649
56323
75431
32611
71413
1924
15312
62333
48902
2247
470
49539
81516
63510
10874
32506
50682
5811
57770
2892
69171
26312
69065
30101
81364
9662
23467
28437
48894
50957
47364
24037
25502
61031
43539
31870
61834
55471
51431
23432
13153
42609
73928
46120
42821
72931
79946
40301
29107
58197
73507
3375
32453
18430
75335
75997
29199
23424
1341
27447
81626
26861
75368
71640
30006
37314
9902
32384
78604
56488
80919
15925
53795
25719
57338
63484
34776
69958
26984
13612
1127
43417
75859
14383
78404
38590
7766
7241
8966
44321
26594
58710
15
16149
5111
81350
43648
1860
26894
16
81789
3043
21336
33317
16707
70206
10092
57857
57818
389
70069
13601
6464
19225
20495
28352
22929
39170
2088
9670
76378
39649
37953
66332
63619
35743
28440
55430
39982
18111
56236
66691
81751
32210
72397
15895
23468
4263
11626
24831
78560
29359
81743
17845
36038
63188
13629
6453
3549
59151
25807
5791
35416
48364
63731
23902
62807
71724
52829
33477
25450
20221
81745
40669
62491
30073
16019
47517
31666
3946
37081
33793
68730
55311
46778
6790
38648
14028
12566
79442
3439
72736
38
15330
4264
6634
81766
72313
45344
61447
72030
23201
39487
67379
31822
26298
17144
27335
33845
49087
9802
4816
35105
4219
45549
58512
50170
73164
59957
33887
7192
53098
13418
78695
46082
14505
66361
7307
52971
1918
77949
80361
22413
73138
35009
72295
38372
55429
20806
32205
29092
56616
37833
2189
11941
19501
51957
6442
43689
42871
81865
58026
96
14514
56786
60862
10276
68872
13224
43284
53564
19009
73626
32054
59201
18722
25824
35423
51997
55332
79348
62385
6243
24775
32317
17983
80426
27242
64864
50710
80734
22530
2649
17085
14637
67549
71177
20211
22702
2090
2431
81584
64793
46476
11970
39490
78744
51631
80951
50355
38231
26175
59724
81658
35320
58664
34633
13783
57431
25189
60505
31970
71442
81295
23774
41538
42113
35514
51231
49392
10108
630
28473
48654
11264
51685
57768
47817
50746
14203
48905
7855
22026
34055
63278
3203
6393
21012
4869
34757
10481
47014
36916
38458
73502
22046
38686
30625
23886
14638
44631
74838
65711
32819
13266
7098
54894
57283
34955
37828
80880
79852
80365
16925
15163
76458
49288
9534
25954
38129
29380
1179
4865
81709
22091
31630
59506
30569
1783
5848
53481
45977
26509
61407
57971
47153
41463
1225
13653
81038
16603
79278
11620
38427
33339
25167
35362
45452
17847
79762
63877
4590
36023
4563
75466
8470
20257
44558
2887
32349
38004
20957
75637
81898
20476
10280
65848
6591
39332
311
48386
9519
18115
26035
61894
61149
22437
11735
23891
14018
68338
19462
28566
51118
74046
6672
48903
80878
80027
35678
78104
49276
29304
7724
81787
273
9248
75796
65744
51488
39127
78283
75823
18155
12967
49084
61781
1964
80978
41349
77654
30135
6659
125
8642
27236
31241
34944
80962
70227
35121
57156
37653
75824
60271
36898
79098
43615
59963
1688
38571
20263
33488
26559
70318
22406
33693
76388
25986
80537
5375
36328
40551
3978
20856
14833
46821
1503
27630
18818
18232
44276
40368
12981
79863
6445
203
67034
17876
45215
3632
7114
54985
21488
27023
36562
27687
49993
78097
79769
80505
40
65710
60460
78588
64163
66497
34009
39469
29378
65415
72171
71243
79143
39839
21946
80066
35663
77291
38600
67
19779
48837
48881
30308
20750
44560
19950
966
30514
55840
29397
51581
53363
5093
81647
58490
41896
721
40759
23508
32682
24027
10611
41484
77984
25075
6261
11511
80463
176
41025
4276
17405
27205
79563
53583
81286
15263
18978
65665
1379
57833
62485
10772
8112
80363
62102
31050
14486
74404
80885
61062
9859
48218
59174
4352
76985
14745
34646
7472
1468
80861
28377
81614
9151
33666
2140
81623
16323
81130
18665
60038
52796
52
33893
18792
73996
10452
29508
40949
46765
78784
51114
19812
20122
43707
78252
26200
81803
33975
29925
33996
56597
64671
74924
62
76657
11145
23671
39153
50425
40119
14867
32888
12716
58080
2758
23732
7848
18724
27267
39353
22403
65408
39664
75597
377
47092
81294
3579
61269
2128
13859
49465
16620
62425
50699
69130
80400
16285
13926
208
81319
2743
55684
10612
30581
23502
52187
5296
60519
38428
26039
18621
49384
17830
46228
18473
18983
4687
59511
33572
36535
5573
3128
46572
40095
3542
39687
64175
1435
38132
14009
1098
43337
37365
10339
56440
3865
81007
81125
60959
34015
10617
40877
18992
14696
66828
64672
6467
29030
37652
67738
11840
43369
26488
73562
21774
5665
80259
53080
4237
43103
66606
16486
7218
13111
53694
77694
34318
38871
26924
50981
69749
9448
25830
42195
14597
7566
58758
32484
28064
10207
27476
47727
17836
81778
22880
59304
66350
9472
81861
13137
30264
6732
21562
5344
75560
81470
19765
41337
8182
53643
6440
78428
65040
21183
17539
16765
17269
26177
43193
72835
79649
34200
42375
21483
10453
60626
32158
55697
76784
24939
57723
20839
66477
49130
28
53946
80431
4299
3937
28461
72699
9229
58213
28657
45989
78800
39753
25299
26340
10086
5107
27030
30801
6549
2358
3710
26278
15917
4747
10748
60643
32124
40487
26331
7633
8170
33609
68262
9244
5034
12541
37233
13070
41546
6815
6961
62893
10467
2486
60385
27964
10634
11274
77468
14584
53943
43414
39677
81788
41326
13453
49426
66279
63612
81203
3079
31061
15885
67171
44046
44634
56526
65215
41844
18863
43650
39524
75030
27948
77480
2722
36187
37199
40337
5896
12210
6833
30678
13192
71964
48523
10032
32890
65939
8431
42166
81794
68478
19313
43964
39816
38866
1400
29842
69785
80397
36344
33115
62381
5386
46471
12643
65928
78739
10473
37458
59243
25895
3368
42646
12710
19251
81826
53109
27692
79856
18131
53349
74685
33965
58731
3059
23357
61707
49046
38024
79673
28607
12440
15265
31388
13373
58565
318
58782
6313
81242
48989
13347
18172
26381
12224
51261
65444
67468
80678
12157
65055
57502
16298
49623
10319
44447
47142
36880
38939
46081
73829
37623
79909
68140
81659
57657
49987
69192
23
31194
53086
21938
30691
9205
30487
994
3585
635
38401
77528
3802
77746
6248
17969
54527
25855
1451
18521
64044
45316
27524
67211
6640
70019
60796
15130
80316
63553
48427
55797
4091
45740
54051
75719
62769
39444
24484
20434
78858
64700
1221
74972
80782
22307
34008
33673
2354
6592
58436
11896
59851
44109
26160
12913
21002
18311
79570
3149
10374
1278
68421
64307
46958
18931
11629
61786
1478
33478
108
19398
28296
7487
58970
65084
8711
9671
57837
10720
3703
40038
59278
17795
60354
55807
30399
60240
69183
65698
41696
62519
29648
46823
69571
19518
9384
56065
11573
61020
40929
63625
80404
67819
76446
69648
66209
77121
68895
32462
49926
70045
48327
79813
7104
65745
6230
6336
39359
17198
62104
24298
9664
7530
24967
20897
15065
8816
2946
24353
9658
45599
7118
9050
16810
24935
37749
70174
57092
19132
61503
42681
57705
35422
60854
59806
31162
41195
74937
62707
3017
74691
4169
1839
72626
35992
35781
32336
25517
41571
41776
70865
72066
372
11873
56811
15231
26804
73839
50812
50086
9957
45358
27796
15046
49019
30349
21395
72792
46047
24779
43934
2541
73926
24650
74107
81653
52636
6414
74400
14071
75605
54179
18144
19174
15888
59623
43513
35817
55410
45766
4981
4957
17066
25808
80876
15744
44102
10080
18257
4805
58471
73116
45929
36175
75806
68184
68359
1282
35909
36828
55187
78421
43186
1060
46796
4311
10842
75603
1634
72187
64684
70268
39377
62464
35986
26054
4729
34573
68094
79236
75016
53738
22650
16338
1911
33230
54437
8427
1087
17344
33398
68296
28185
33025
64310
20107
351
41356
36537
61289
10871
79156
52953
53851
67614
54108
7390
56536
15305
53852
5305
81412
30465
74086
37750
13196
12103
29377
12459
64516
31054
15622
75646
6813
17680
26755
31561
12917
24087
48513
14236
15274
52093
52760
48589
64413
13420
68204
80737
20258
38213
40751
66396
70935
63460
14344
79574
54569
30948
28248
8615
73668
119
38435
22372
3683
79201
48647
54049
24263
7141
37279
62236
49918
25728
40899
63850
1160
6303
32601
25230
37863
65740
23913
62371
71993
78274
80233
17556
16605
3840
64692
71216
10945
1332
10726
4239
60386
65036
69525
39429
53465
31862
28207
21668
53585
47810
53305
62392
80260
21692
6523
19218
7576
72862
34358
4640
79985
62037
1140
16966
66529
56747
22971
25179
68121
7216
1210
78730
13887
37589
603
64063
50254
30402
76802
4974
36884
78270
33389
5151
20963
31916
74465
337
47084
40705
74603
8008
78105
62510
7399
5951
41580
74395
60807
54971
63452
49654
10365
67545
49565
55698
70688
15730
25375
231
28629
35634
80483
33179
37485
22513
62063
78077
26140
46971
1925
46544
39731
66418
39537
19202
69939
10959
16048
18820
501
20
1155
22804
48341
27012
22042
46744
53990
492
70543
16513
41359
22324
19182
44317
59968
20253
76074
4930
29698
53648
3406
9591
25283
62823
75564
45288
32773
28393
63223
11037
45487
46660
46162
26801
65407
52886
8318
64540
58059
64522
52820
46732
50911
70961
45400
79489
43504
30974
11966
20746
53876
41184
74709
39669
55769
18451
62594
69789
8128
50653
28650
25085
37086
21677
43437
69962
30851
47070
34784
65026
77435
53584
38114
26037
25539
8185
243
71436
15141
72378
76919
8442
69018
45516
21990
68365
4343
38736
62882
62020
48961
6055
15307
13336
73015
70428
46458
64383
10241
81
64753
31024
24780
20124
8143
55020
30853
77943
4815
42877
50915
57278
53739
33261
51955
3827
74805
22073
52852
6103
63065
18325
16541
79067
5149
62835
25565
24468
16916
60393
17720
6789
37370
36650
6631
61091
9905
60003
32422
32092
61882
38250
76416
5089
23027
6896
20212
30416
17270
15505
59767
8166
4069
11976
45000
78581
77553
44562
7082
47608
60389
40477
63351
11266
51179
12371
62004
29612
74054
51189
975
65542
66021
35735
43145
8805
7456
72507
79225
41952
35441
68811
62084
56317
32495
39162
33746
10779
61227
14675
79913
40638
12211
15267
19717
3924
29088
56179
66287
49162
65894
73422
70136
78449
20965
64004
15594
21961
33863
10919
49368
46641
65873
50110
53562
8749
49126
29083
67929
46029
73150
45568
47062
37569
4266
79539
79033
17073
23428
79715
33236
32322
19006
54197
71354
61040
50910
55821
72056
81715
73332
56117
72766
51209
48842
62773
75223
34374
42191
28883
46771
51560
34341
7606
36527
69166
72164
456
22641
42887
81834
36692
25803
35386
2398
24490
42048
80982
28009
13720
81485
1568
77986
21379
66353
9380
12338
54290
14277
7609
23693
80490
14024
66663
14515
58502
35102
6133
14015
905
36163
30202
37804
23554
80882
50061
40109
45493
7614
33847
1575
22458
52682
57000
51531
70725
10299
32521
61504
43642
39133
26513
48651
20786
3713
8692
48087
55569
14379
15088
30521
60465
66347
57951
11401
78218
27652
18371
67623
39885
12296
43714
36701
80373
16412
897
46475
334
69851
16132
2482
50339
22632
38026
17763
56576
79063
49388
18930
3113
80408
42344
72522
37755
80842
63061
41902
70811
62826
81390
8716
42847
47106
29625
37570
79851
4823
22701
52019
65093
44725
17332
79632
51205
23900
57586
32557
58555
51073
59470
10083
63605
30194
54211
45274
78003
2162
39554
29371
78709
49409
74751
45884
30528
38365
34925
12204
45497
71304
45007
55912
62462
52954
10477
65114
57797
58301
44721
37612
80584
64619
13707
46191
61766
34764
81284
48738
16653
81499
69817
31602
56619
10817
6700
6054
53715
32
1684
74989
49267
4036
79766
11624
65811
36887
41431
2341
26796
57832
50852
41997
2386
8682
31479
26354
37443
54536
48911
27243
6458
36574
4355
7340
80903
42865
75255
58832
19480
15211
40609
23183
81734
38660
33340
57830
24
11623
40736
81763
58523
1856
54285
4526
13463
77306
13737
46145
74060
50813
80979
28634
10307
47228
17856
44921
56422
38528
7120
72667
